#8975
Sidartha - Wooded Campsite~
8999 30 2 1
O 0 8975 1 8996	giant campfire
O 0 8976 1 8997	smoldering campfire
O 0 8976 1 8998
O 0 8976 1 8999
O 0 8976 1 8979
M 0 8975 1 8985 	sneaky thief
M 0 8975 1 8993
M 0 8975 1 8981
M 0 8975 1 8987
M 0 8975 1 8989
M 0 8975 1 8991
M 0 8975 1 8993
M 0 8975 1 8995
M 0 8976 1 8999 	angry camper
M 0 8976 1 8979
M 0 8976 1 8997
M 0 8976 1 8998
M 0 8977 1 8985 	forest troll
M 0 8977 1 8983
M 0 8977 1 8980
M 0 8977 1 8988
M 0 8977 1 8991
M 0 8977 1 8993
M 0 8978 1 8996 	fire demon
S
